  3.15159699e-03 -1.13425376e-02  2.05986798e-02  7.39041250e-04
  1.24203297e-03 -2.97447364e-03 -3.50426771e-02  3.34843770e-02
  2.28963476e-02  2.61107478e-02  1.05418107e-02 -4.43223119e-02
 -1.38591290e-01 -2.87230033e-03  1.22258760e-01 -6.34835511e-02
  3.78848426e-02  2.55883858e-02 -1.06592499e-01  6.59056474e-04
  8.70523416e-03 -2.47997395e-03 -4.29978681e-04 -1.03239246e-01
  7.81710632e-03 -5.17149456e-03 -2.18283720e-02  2.99518555e-03
  3.80101684e-03  8.92383512e-03 -9.81555134e-02  1.40314236e-01
 -3.37064918e-03 -1.83688407e-03  4.58247773e-02 -2.02394910e-02
  3.19633004e-03  2.23012338e-03 -5.34631964e-03  1.44081458e-01
  7.28010992e-03 -4.41932213e-03 -3.42028499e-01  1.02273554e-01
  1.13398628e-02  1.87112503e-02  1.79961626e-03  3.72938835e-03
  1.40942354e-03  1.39274281e-02 -2.08690573e-04 -1.43153165e-02
  1.11860512e-02 -2.06711516e-01 -1.01593710e-01  8.84334557e-03
 -7.73823112e-02 -4.17638384e-02  9.06138867e-02 -2.68995650e-02
  1.29422843e-01  9.41379517e-02 -4.25117910e-02  2.39742193e-02
 -3.15193310e-02  7.42209237e-03 -1.93285737e-02 -4.03620861e-02
 -1.08718732e-02  1.66127796e-03  2.83125602e-03  2.64636893e-02
 -3.94701473e-02 -1.04750827e-01 -8.19983310e-04 -6.86664134e-03
  4.12683142e-03 -1.57139990e-02  2.61146366e-03 -1.60143316e-01
  5.22804738e-04 -6.05419511e-04 -1.78026527e-01 -5.17926663e-02
 -4.11485136e-03  2.78137880e-03  2.83449441e-01 -4.11757454e-02
  1.79481935e-02  8.88630077e-02  5.39567461e-03  2.42171067e-04
  1.20240949e-01  1.93305165e-02 -5.14515936e-02  3.52128921e-03
  4.95793205e-03  3.88336509e-01 -3.51371965e-03  7.22399168e-03
  1.55977923e-02 -2.02621929e-02  6.52007340e-03  6.30299002e-02
 -2.69622612e-03  7.76449740e-02 -5.82719175e-03  7.40484372e-02
  9.73176509e-02  3.65274921e-02 -5.54164611e-02 -1.46275666e-02
 -1.44846132e-03  1.36989085e-02 -5.82431555e-02 -3.23921815e-02
 -2.52358049e-01 -5.64466417e-02 -6.47898540e-02 -3.90750989e-02
 -1.34083652e-03  1.01700211e-02 -8.26981571e-03  1.24961786e-01
 -2.02645944e-03 -9.63634346e-03 -3.66049400e-03 -2.19513088e-01
  3.03740450e-03 -3.03436141e-03  2.85879942e-03 -7.66017707e-03
 -2.22220202e-03 -5.63210174e-02  1.63317904e-01  1.49514875e-03
 -1.62434131e-01 -5.06945737e-02  2.12984174e-01  6.07415149e-03
  3.58384214e-02 -1.84751656e-02  1.48771098e-03  3.84242763e-03
 -4.89583053e-03 -1.19627314e-02  1.70216709e-03 -1.02036204e-02
 -1.57911528e-03  2.42855418e-02 -2.37026229e-03  7.81925861e-04
  1.44510632e-02 -3.88837345e-02 -1.23266969e-02  4.25591972e-03
 -3.51841390e-01 -1.84864327e-01 -7.48062879e-03 -5.81522509e-02
 -5.24689853e-02  9.77946795e-04 -5.08184992e-02 -3.52952816e-02
 -3.98946600e-03 -3.33962147e-03  1.47806164e-02  1.23525366e-01
  4.51707765e-02 -2.18858477e-03 -4.05228853e-01 -6.40375249e-04
  4.19800822e-03 -3.55055934e-04  1.25116240e-02 -7.32951332e-03
 -2.27238052e-02  1.68643922e-01  1.77722685e-02 -1.14429351e-02
 -2.64342166e-02 -1.43752590e-01  2.27798998e-01  5.00866547e-02
 -2.55549159e-02  7.35942945e-02 -2.14968517e-01 -5.29115200e-02
  1.16062485e-01 -1.66746438e-03 -1.45288510e-02 -8.48474971e-04
 -3.69772408e-03 -4.73983027e-03  1.43733904e-01  1.78732611e-02
  2.10622549e-02 -1.93773597e-01  1.77834893e-03  4.02493000e-01
