 -3.05737369e-04 -8.85756314e-03  1.74037870e-02 -1.36967259e-03
  3.30206635e-03  4.17572120e-03 -3.65987271e-02  3.27329859e-02
  3.15479971e-02  3.15225720e-02  1.00101614e-02 -4.66272682e-02
 -1.40548989e-01 -5.45781432e-03  3.03708375e-01 -5.81879057e-02
  3.57556902e-02  2.40938123e-02 -1.07249863e-01  6.33438630e-03
  4.57878178e-03 -5.62462257e-03 -2.37335078e-03 -1.00299254e-01
  6.45978656e-03  1.80741888e-03 -1.59471370e-02  1.02459837e-03
 -2.54278840e-03  6.16990961e-03 -1.00231439e-01  1.38437256e-01
 -7.77542545e-03  3.83421942e-03  5.12113720e-02 -1.52519234e-02
 -3.75484489e-03 -1.22676091e-03 -1.06913550e-03  1.46412939e-01
  6.73713675e-03 -9.61793994e-04 -3.50008219e-01  1.03800580e-01
  1.75431988e-03  1.25224609e-02 -9.59056080e-04  5.18018287e-03
 -3.30015528e-03  1.56036820e-02 -3.64337140e-03 -1.35436421e-02
  8.25008284e-03 -2.04977974e-01 -9.78208557e-02  4.46799165e-03
 -7.16772676e-02 -4.45783101e-02  8.85898322e-02 -2.51703206e-02
  1.27467707e-01  9.19561237e-02 -4.38029096e-02  2.47533284e-02
 -3.55792716e-02  8.91299173e-03 -2.19499972e-02 -3.45779657e-02
 -6.48087682e-03  1.07397884e-02  1.18059886e-03  2.44891867e-02
 -3.70530374e-02 -1.05944812e-01  2.47557904e-03 -1.76955701e-03
  5.72895678e-03 -1.91476848e-02 -2.57524569e-03 -1.52544215e-01
 -1.51250302e-03  1.06730009e-03 -1.68461561e-01 -3.57634872e-01
 -1.82718225e-03  1.08449301e-03  4.31700796e-02 -4.30803411e-02
  1.54940998e-02  8.66697803e-02  6.92332676e-03  1.22795440e-03
  1.14450939e-01  2.09382996e-02 -5.36004007e-02 -1.58421544e-03
 -1.21740880e-03  3.93538505e-01 -2.11191620e-03  6.82207348e-04
  1.26335854e-02 -1.78210847e-02 -1.35348109e-03  5.93478791e-02
  1.17926742e-03  8.05949047e-02 -1.06373383e-03  7.60722831e-02
  9.57629159e-02  3.44069712e-02 -5.80735020e-02 -1.62479188e-02
 -4.59186314e-03  9.67554282e-03 -5.88770136e-02 -3.92683484e-02
 -4.66545135e-01 -5.98479360e-02 -6.98649660e-02 -4.24074754e-02
 -8.61528702e-03  1.18383020e-02 -8.90466664e-03  1.21846557e-01
  6.44090772e-03 -7.23412912e-03 -2.53070658e-03 -2.16846928e-01
 -1.45154679e-03  4.69400035e-03  3.25879460e-04 -6.91995025e-03
  5.66165661e-04 -5.37873916e-02  1.61461949e-01  5.23159606e-03
 -1.57416180e-01 -5.27207963e-02  2.10341454e-01  4.74977680e-03
  3.26194614e-02 -1.33396694e-02 -3.25519778e-03 -2.28869985e-03
 -3.28547927e-03 -1.55759724e-02 -1.44489482e-03 -1.09528080e-02
  1.24809903e-03  2.37495471e-02  2.32222653e-03 -1.26372091e-03
  1.22863892e-02 -4.01769951e-02 -2.05115583e-02  3.40675167e-03
 -7.85584226e-02 -1.54497400e-01 -9.93012171e-03 -5.91645315e-02
 -4.47803475e-02  1.76502590e-03 -5.27251363e-02 -3.82599384e-02
 -1.86807185e-03 -1.86602701e-03  1.69167016e-02  1.21923834e-01
  4.90670726e-02 -9.85265244e-04 -4.08116698e-01  1.21576607e-03
 -3.32029827e-04  6.01729285e-03  1.00109894e-02 -4.85946704e-03
 -2.05863863e-02  1.70562372e-01  1.54193882e-02 -1.32733025e-02
 -2.53612269e-02 -4.23639938e-02  2.02783972e-01  4.42163609e-02
 -2.18586866e-02  6.93518817e-02 -2.10590005e-01 -4.84043434e-02
  1.17925048e-01  1.37443515e-03 -1.90254971e-02 -8.39830842e-03
  7.28429900e-03 -1.93647901e-03  1.41567364e-01  1.30094523e-02
  1.65433679e-02 -1.67459592e-01 -9.13255615e-04  3.99430364e-01
