  8.51961842e-04 -1.21485153e-02  2.14996655e-02 -6.67324662e-03
  1.58285932e-03 -1.75916485e-03 -3.31715867e-02  3.16041596e-02
  2.44876500e-02  3.26614119e-02  1.14392107e-02 -4.62006852e-02
 -1.41786709e-01 -2.82192463e-03  1.35126308e-01 -6.15440905e-02
  1.99400365e-01  2.60561761e-02 -1.07292876e-01  1.96707295e-03
  2.74178339e-04 -3.45427613e-03  3.56389256e-03 -1.06436245e-01
  8.55220109e-03  1.70408981e-03 -1.98359787e-02 -1.75019703e-03
 -1.51570217e-04  5.98359481e-03 -9.90614295e-02  1.41217545e-01
 -4.48398758e-03  3.40287015e-03  4.63955179e-02 -2.01364681e-02
 -1.17711455e-03  2.80456129e-03 -1.19834952e-03  1.49825692e-01
  7.51022575e-03  1.16629316e-03 -3.47338229e-01  1.02001540e-01
  4.15292056e-03 -2.45501712e-01  2.91596552e-05  1.30428164e-03
  1.18658133e-03  1.38347736e-02 -2.16850196e-03 -1.08443117e-02
  1.05586946e-02 -2.08797365e-01 -1.00034133e-01  4.18319926e-03
 -7.31825829e-02 -4.37856279e-02  9.05747563e-02 -2.55548935e-02
  1.27351359e-01  9.37758535e-02 -4.13614921e-02  2.26619057e-02
 -3.06333583e-02  1.19667510e-02 -1.95347425e-02 -3.52362767e-02
 -7.95047265e-03  1.18680694e-03  5.42715518e-03  3.10133155e-02
 -2.25433096e-01 -1.12177446e-01 -1.44138921e-03  1.08119787e-03
  5.13693877e-03 -1.89411212e-02  1.85342471e-03 -1.55627906e-01
  1.08359294e-04 -3.37107922e-03 -1.73657328e-01 -5.47935925e-02
 -3.73944663e-03  2.02995632e-03  4.29226570e-02 -4.13802974e-02
  1.71043351e-02  8.69332924e-02  7.23666372e-03 -1.61028502e-03
  1.19649954e-01  2.10532304e-02 -5.33792563e-02 -1.60146388e-04
 -1.31352292e-03  3.93709838e-01 -1.62171642e-03 -3.03754257e-03
  1.57674327e-02 -1.86066926e-02  3.36197059e-04  6.46366626e-02
 -9.41325037e-04  7.89359584e-02 -2.24300427e-03  7.47966841e-02
  9.80565548e-02  3.73143554e-02 -5.61317392e-02 -1.40887778e-02
 -7.45272031e-04  1.20958323e-02 -5.96740581e-02 -3.35258357e-02
 -3.71839821e-01 -5.74806966e-02 -6.98547512e-02 -4.01675999e-02
 -3.81333521e-03  7.22909207e-03 -3.99470609e-03  1.23179063e-01
 -2.13515060e-03 -7.56461266e-03  3.94804898e-04 -2.19180271e-01
  2.48215417e-03  1.30890100e-03 -2.71985860e-04  6.46995241e-03
 -4.58793336e-04 -5.65607995e-02  1.65781960e-01  5.66333882e-04
 -1.61437824e-01 -5.07079698e-02  2.15646416e-01  4.55490733e-03
  3.46361212e-02 -1.78214535e-02 -4.56558494e-03 -1.15868379e-03
 -5.15192561e-03 -1.44351870e-02 -3.27950413e-03 -7.83941802e-03
  6.78871339e-03  2.34987382e-02  3.29434569e-03  2.65529070e-05
  1.49367871e-02 -3.71360481e-02 -1.27494605e-02  4.49916115e-03
 -1.17936417e-01 -1.57793015e-01 -6.00515958e-03 -5.89216463e-02
 -4.83189709e-02  3.34094511e-04 -5.17904237e-02 -3.63003276e-02
 -1.66927022e-03 -3.88704520e-03  1.52950529e-02  1.24715567e-01
  4.59576473e-02 -4.43885848e-03 -4.08688009e-01  6.89510140e-04
  6.98200101e-03  1.03189494e-03  9.86829866e-03 -4.70009726e-03
 -2.19264720e-02  1.69459403e-01  1.69536117e-02 -9.16989706e-03
 -2.42135637e-02 -4.63886447e-02  2.05366701e-01  4.28341627e-02
 -2.29145661e-02  7.43408203e-02 -2.14459464e-01 -5.26827127e-02
  1.17055804e-01 -3.63930291e-03 -1.54043213e-02 -1.36675953e-03
  1.51796313e-03 -3.30544217e-03  1.43415228e-01  1.75643694e-02
  2.11326107e-02 -1.75122157e-01  1.96069464e-04  4.03582931e-01
