  1.88972813e-03 -1.06920656e-02  1.95921175e-02 -7.56356516e-04
  1.65697653e-03 -1.45743659e-03 -3.62183973e-02  3.26092429e-02
  2.31895912e-02  2.73580942e-02  9.80917364e-03 -4.51864079e-02
 -1.39585495e-01 -4.09118598e-03  1.19591892e-01 -6.12554401e-02
  3.60114276e-02  2.35258210e-02 -1.05649829e-01  1.46782468e-03
  1.24501309e-03 -2.25833245e-03  7.49362109e-04 -1.01342618e-01
  6.02310617e-03 -6.32340321e-04 -1.90282911e-02  1.31667487e-03
  7.96831329e-04  7.87397102e-03 -9.80478898e-02  1.40429944e-01
 -3.42079648e-03  1.33381411e-03  4.69597019e-02 -1.84526313e-02
  9.68933164e-04 -9.28212714e-04  8.03404721e-04  1.42911628e-01
  6.05968246e-03  6.15282799e-04 -3.43273729e-01  1.02013886e-01
  6.00200286e-03  1.28783472e-02  1.35831954e-03  2.41480465e-03
 -8.61672335e-04  1.25283469e-02 -1.56324764e-03 -1.45708052e-02
  1.03122583e-02 -2.05078959e-01 -9.90523919e-02  2.91850255e-03
 -7.21201375e-02 -4.15558033e-02  8.91929716e-02 -2.49369014e-02
  1.27322614e-01  9.31260362e-02 -4.22623232e-02  2.38490999e-02
 -3.16036046e-02  7.20342668e-03 -2.02932134e-02 -3.51282991e-02
 -8.44247453e-03  1.85197301e-03  8.28284246e-04  2.58225538e-02
 -3.69301587e-02 -1.06087692e-01 -8.00542242e-04 -1.32566865e-03
  2.66975700e-03 -1.61949322e-02  5.53389080e-04 -1.55531302e-01
  4.11680638e-04 -6.83068181e-04 -1.68157250e-01 -5.00490740e-02
 -2.56745983e-03  1.01008860e-03  4.47411090e-02 -4.09901403e-02
  1.52250677e-02  8.62451866e-02  5.12677524e-03 -6.39499049e-04
  1.18043371e-01  2.04417855e-02 -5.20695485e-02 -1.87390996e-03
 -1.31444877e-03  3.89563948e-01 -1.71239511e-03 -4.80834511e-04
  1.50820902e-02 -1.73397977e-02  2.68535223e-03  6.20608144e-02
  7.03245401e-04  7.71757513e-02 -3.59930121e-03  7.52234980e-02
  9.55353752e-02  3.50574553e-02 -5.66028953e-02 -1.54801756e-02
  3.54283780e-04  1.28344856e-02 -5.78045435e-02 -3.37294489e-02
 -2.51365513e-01 -5.57773411e-02 -6.38075098e-02 -3.86861339e-02
 -2.39266199e-03  9.29067936e-03 -5.70522808e-03  1.22541033e-01
  1.49027526e-03 -7.71826692e-03 -2.27074674e-03 -2.16714948e-01
  6.97641284e-04  1.25804835e-03 -9.26298613e-04 -7.46237533e-03
 -1.06272928e-03 -5.31364344e-02  1.61665589e-01 -9.72943206e-04
 -1.60214007e-01 -4.97157015e-02  2.09599599e-01  3.88183608e-03
  3.49668935e-02 -1.67356841e-02  9.17793892e-04 -7.69801729e-04
 -4.43844078e-03 -1.26284668e-02 -1.08350662e-03 -1.03596672e-02
  2.24919314e-03  2.38029268e-02  1.28599326e-03 -1.08284224e-03
  1.27686122e-02 -3.76519226e-02 -1.09665189e-02  4.63587698e-03
 -7.81899467e-02 -1.54263899e-01 -7.47371791e-03 -5.88784330e-02
 -4.65479568e-02 -7.89584592e-04 -5.00793234e-02 -3.53025272e-02
 -2.00822367e-03 -3.07875103e-03  1.36952270e-02  1.22615576e-01
  4.53779735e-02 -8.36915220e-04 -4.07399654e-01 -7.74616492e-04
  3.83258541e-03 -3.62120220e-04  1.11039579e-02 -7.10162800e-03
 -2.18699332e-02  1.69490397e-01  1.64849013e-02 -1.04851071e-02
 -2.51582172e-02 -4.40856554e-02  2.03996986e-01  4.26032059e-02
 -2.34654620e-02  7.18322992e-02 -2.12667465e-01 -4.88016382e-02
  1.15074761e-01 -8.28337157e-04 -1.51570132e-02  3.41637729e-04
  1.64563709e-03 -3.80251696e-03  1.40824929e-01  1.59334783e-02
  1.93899460e-02 -1.67666078e-01  3.05405381e-04  3.99945319e-01
